49,52
49,51
49,50
49,49
49,48
49,47
49,46
49,45
49,44
49,43
49,42
49,41
49,40
49,39
49,38
49,37
49,36
17,2
17,1
17,3
15,2
15,1
15,3
16,2
16,1
16,3
13,2
14,2
4,26
4,25
4,4
4,11
4,13
4,81
4,84
4,23
4,27
4,7
4,1
4,9
4,2
4,3
6,4
6,1
6,5
6,2
6,3
7,8
7,7
7,4
7,6
7,13
7,1
7,9
7,2
7,3
5,4
5,2
5,1
5,3
35,1
35,3
28,3
49,35
33,4
33,1
33,3
0,273
0,270
25,1
25,3
3,2
3,1
3,3
10,240
10,162
10,228
10,22
10,200
10,128
10,122
10,1
10,82
10,2
10,3
11,6
11,24
11,12
11,22
11,14
11,1
11,20
11,2
11,3
9,7
9,6
9,1
9,4
9,2
9,3
8,8
8,6
8,10
8,18
8,13
8,1
8,9
8,2
8,3
12,2
12,1
12,3
20,2
20,1
20,3
19,2
19,1
19,3
